11
321
43
4342
321
321
4354
3
5546
56
765
876
832
1
23955
8868
5798
5297
24911
26728
2225
20940
22660
15982
32237
3434
20468
25728
17614
29373
16983
13704
11113
15130
22781
30115
25907
3244
8116
18038
32268
12648
12268
13765
32380
14915
5913
6721
9532
25251
31833
12962
23032
18452
18775
15094
15699
19005
23151
27705
31276
10002
31251
6693
15391
10059
11117
25419
28495
28436
2117
10083
11619
18182
13862
14305
31695
29014
14012
30409
16213
24396
6017
22467
2251
23287
17561
30578
7966
31008
761
15618
27287
26492
21967
14848
9565
27429
21278
15471
30012
9035
11177
18200
21156
25639
27155
25633
24821
15921
11588
1505
7161
1427
25103
27123
32434
28125
16401
12937
1879
3578
3548
10755
15513
24675
28757
25793
6186
5010
18778
13621
31360
16058
27048
9788
3031
20149
6652
28590
11893
16190
16249
6451
26161
29792
8010
16217
22838
18478
1416
12004
19973
8373
21342
19046
19129
8751
14443
28175
14735
20858
7015
17861
13989
15048
30218
18807
27394
28823
10281
21423
6359
30436
1571
1639
15620
28315
9851
29214
27102
5459
12998
13099
16176
27960
16328
31056
9088
8520
28890
11666
8851
31171
27278
10824
5427
29916
22678
14707
30255
22453
2786
19789
2212
19338
28169
10021
13179
23341
25322
24681
13875
25778
14739
2565
6880
21355
21346
21995
2420
13847
12393
32499
24638
1366
27671
25318
13744
11872
27925
725
10085
13815
19567
23984
6755
1946
14324
22804
20637
17660
21471
11363
30652
10676
24503
538
5406
22326
8819
17247
29471
7426
25058
16858
29592
4379
26954
13254
27558
3259
25424
13896
27821
24901
2839
18943
7836
22907
30892
32220
3954
23281
3234
15412
7169
15297
16121
28179
22001
8321
21829
26836
2825
30322
17419
23022
20906
24058
16239
9489
16028
6485
16140
26738
10254
21383
31012
7011
6615
21397
6393
31526
24322
28660
13434
14851
17546
22082
17698
9368
31074
31540
10270
12657
12216
18128
27054
11992
25467
20700
24525
750
27163
16790
22548
12795
12176
10917
23772
7939
17565
27728
21923
15002
8790
31470
1713
5112
18144
6301
13306
80
3960
22327
27463
19550
29622
30338
14737
11328
1555
29351
20397
23942
23978
22246
23087
12172
19771
10375
4232
26120
2933
32276
16241
10719
12405
5829
21133
31805
11402
1596
8521
24548
7227
18546
776
11460
7563
20978
28285
16844
2683
28741
10327
2305
15569
3757
17700
461
16152
13078
623
17817
3816
18249
15148
15006
21607
611
31575
26871
13072
1669
30423
9723
6067
1742
26536
2507
10173
2438
5945
25383
13754
6812
5907
7558
24344
595
27836
19813
14126
21560
13531
22239
9085
27223
412
25214
19765
8366
30806
5201
19451
25826
29292
14654
28137
28209
9585
24218
16598
12712
5775
2039
16600
26262
23849
30525
20488
12096
30911
15101
23429
14806
15890
30465
20924
28070
8073
6952
19942
30864
21716
31857
7377
20666
9679
1109
32484
32389
23721
27226
19294
17087
9029
11237
22750
27930
20448
13903
20264
30428
25845
30524
17958
13785
18525
18216
22061
15262
30139
25155
32130
13552
12311
25471
32541
23925
30409
30183
7852
23472
16793
12338
24027
6451
18468
20120
7891
27407
22658
16100
20480
7824
293
13003
1304
15911
4612
11388
8537
8872
14585
14712
30482
9397
15720
20388
100
634
7970
156
5450
19868
7305
30539
17111
30059
25588
29625
10175
16735
29781
14627
31257
20418
28953
8785
6755
27818
27983
20516
22471
21802
29197
9839
18844
15049
17423
2823
25136
6963
11426
6942
7877
16431
18880
19148
30937
31697
10621
8943
31915
29937
13474
4405
10490
6108
11415
32375
31760
32584
16518
8009
20991
27022
32189
13007
30763
3603
8020
9170
6664
26375
272
16402
27429
17235
14728
31198
12906
13516
8070
26595
6814
11949
16048
30530
27691
26692
32616
997
5158
22507
1520
19218
7306
23098
3282
27712
31172
22907
15999
27690
20853
2398
21046
28195
7795
2799
28711
6057
22033
3268
8409
21052
29344
15227
19401
24433
1845
5732
2388
29506
16557
31866
19414
18600
30703
1432
9236
25708
14705
31721
9431
31289
26110
2465
10714
10231
20662
28394
1510
31572
32342
21537
23612
30115
27065
3139
10547
490
29087
23458
15906
4406
21422
5853
13440
20786
22710
11790
7242
12536
5689
30789
27045
10279
26923
21302
26053
29750
3574
27438
9997
16392
31169
16204
21624
27072
22770
13805
14391
23254
22257
21864
26012
9835
4911
29948
30262
25049
26472
31238
8766
27535
25381
30071
14385
5148
8324
13702
14271
23945
22075
8098
5092
17644
19163
26283
24661
19002
3410
29025
28189
10845
5812
1309
7048
32646
14651
2239
23360
15301
140
29671
14006
12759
26427
15976
20419
8255
1426
25593
9616
29336
7566
20526
8371
11561
10283
18087
10906
14010
18401
7048
21549
29862
17519
20520
20399
27954
29655
26638
16869
25629
13482
2585
11899
9592
23941
16894
931
29368
17884
30200
2303
17930
19446
25786
13761
24550
31801
16297
12817
21223
15784
13640
1967
474
10154
32755
17881
17429
25869
19665
7279
9226
18506
3844
12885
27675
29963
4898
15129
30128
17130
26345
4053
28295
15740
26926
20311
2124
25998
5655
18816
18026
6062
25482
14826
24096
15342
16869
5581
23767
8932
5360
28964
2227
13301
14608
16139
12136
20692
26813
29036
22351
4677
5685
15322
1721
16935
3442
32189
5507
14001
29274
6064
15594
29436
28471
12327
22945
12481
10086
11093
5153
14181
16979
23117
25409
9266
8869
9575
7430
2024
7605
13797
2492
32116
18245
25302
11589
7679
9583
25915
15026
30250
24795
5993
26128
24728
17717
17326
2180
27054
9694
17975
19099
8342
31458
1585
18651
31114
18987
2607
26270
9551
12532
11212
17184
511
8576
11921
1238
2316
10507
15897
28417
24194
20993
6002
30084
25996
30318
25031
17138
32314
5813
31292
25836
20609
2182
14106
4778
18564
4618
26156
16855
10257
17760
2665
32162
20847
12365
7378
13330
12119
13359
21662
28057
24128
6707
14997
8941
31456
14280
3002
9491
14831
14164
12076
19388
11566
22821
17230
24021
22952
16554
1574
26714
823
8675
7427
30571
20811
25366
32611
26017
12519
1732
2323
13730
6124
29147
30616
10739
3482
25133
22222
3854
7252
10529
8399
27573
4259
32424
5398
2949
10622
115
2789
6094
7625
12644
17123
12962
6939
3394
31754
18476
8644
1200
20416
2627
25103
30048
6468
19007
32452
29316
27724
9484
22769
29061
24301
13693
18666